1,0,1,4,0,0,0,0,0,0,0,0
1,1,1,4,0,0,0,0,0,0,0,0
2,0,1,4,899.5,256.5,35,61,0,0,0,0
2,1,1,4,1114.5,230,33,40,0,0,0,0
3,0,1,4,899.5,256.5,35,61,-5.48058,0.782939,-12.6973,1.81359
3,1,1,4,1114.5,230,33,40,2.34885,0.78295,5.44172,1.81408
4,0,1,4,897,256.5,34,61,-10.3385,1.47698,-18.9716,2.70985
4,1,1,4,1115,230,32,40,4.43082,1.47693,8.13067,2.71046
5,0,1,4,895.5,257,33,62,-28.8293,-1.62899,-34.7095,0.173045
5,1,1,4,1115.5,230.5,31,41,13.6818,4.56069,15.9797,5.32714
6,0,1,4,892.5,256.5,33,61,-31.6049,0.303081,-37.3343,1.2768
6,1,1,4,1117,230,30,40,15.4398,5.14652,17.4896,5.83036
7,0,1,4,891.5,256,33,62,-93.0832,-3.70866,-66.6213,-0.556526
7,1,1,4,1117,231,30,40,39.6108,8.42422,29.1046,7.50721
8,0,1,4,886,256,34,60,-176.654,5.01964,-101.104,2.59562
8,1,1,4,1120,231,30,40,65.3355,13.1159,40.0842,9.54947
9,0,1,4,879,256.5,34,61,-239.87,15.1771,-127.717,6.09246
9,1,1,4,1122,232,30,40,88.5969,24.1025,49.8878,13.5881
10,0,1,4,873,257.5,34,61,-222.597,18.5287,-130.474,7.61473
10,1,1,4,1125,232,30,40,81.013,24.7549,50.5413,14.5886
11,0,1,4,869,257.5,34,61,-195.24,30.1201,-129.87,11.6325
11,1,1,4,1126,233,30,40,80.7734,12.333,53.1715,11.7673
12,0,1,4,865.5,258,35,62,-163.107,31.6252,-126.97,13.0773
12,1,1,4,1128,233,30,40,96.2758,0.433445,60.4027,8.69233
13,0,1,4,862.5,258.5,35,63,-136.782,27.155,-124.555,12.7972
13,1,1,4,1130.5,233,31,40,116.656,-21.6692,69.6903,2.11079
14,0,1,4,859.5,259.5,35,63,-126.653,87.5824,-125.999,32.2918
14,1,1,4,1133,232,32,40,168.977,-34.2638,89.6741,-2.49118
15,0,1,4,855.5,262,35,64,-78.068,108.519,-114.695,41.9019
15,1,1,4,1138,231.5,34,39,171.079,-40.0793,95.9784,-5.494
16,0,1,4,853.5,265,35,66,-67.8873,125.212,-113.906,51.0766
16,1,1,4,1141.5,231.5,35,39,147.128,-46.103,93.7022,-8.83657
17,0,1,4,850,267,36,68,-68.3002,111.629,-116.313,50.5216
17,1,1,4,1143.5,230.5,35,39,120.823,-46.8672,89.4602,-10.6373
18,0,1,4,846.5,268.5,37,69,-73.1562,106.63,-120.351,52.4265
18,1,1,4,1145.5,230,35,40,99.2839,-44.6483,85.6735,-11.3952
19,0,1,4,842,269.5,38,71,-72.4281,98.9159,-122.515,53.0642
19,1,1,4,1147.5,230,35,40,81.7431,-37.5809,82.3517,-10.2118
20,0,1,4,837.5,271,39,72,-65.5714,92.985,-122.233,54.0279
20,1,1,4,1149,229.5,36,41,67.4686,-31.5851,79.4648,-9.10472
21,0,1,4,834,272,40,74,-42.5297,79.9642,-115.024,51.8182
21,1,1,4,1150.5,230.5,35,41,47.8021,-29.1994,73.6948,-9.18142
22,0,1,4,832,273.5,40,75,-25.0155,71.2483,-109.057,50.8091
22,1,1,4,1151.5,229.5,35,41,31.672,-26.3278,68.4869,-8.94241
23,0,1,4,829,274,40,76,-24.9232,58.6052,-109.851,47.6926
23,1,1,4,1152.5,230,35,42,22.9782,-21.1032,65.7645,-7.54736
24,0,1,4,826,275.5,40,77,-24.2176,54.5362,-110.366,47.8315
24,1,1,4,1155,230,34,42,20.9122,-16.9049,65.6085,-6.37748
25,0,1,4,822,276.5,40,77,-28.674,53.4944,-113.209,49.1732
25,1,1,4,1157,230,34,42,18.9305,-17.2034,65.4006,-7.07757
26,0,1,4,818,278,40,78,-18.5092,47.1865,-109.433,48.0197
26,1,1,4,1159,230,34,42,10.1566,-16.582,61.9473,-7.36178
27,0,1,4,815.5,278.5,41,79,-11.4279,41.1528,-106.702,46.7411
27,1,1,4,1160,229.5,34,41,5.86171,-15.3826,60.2556,-7.34664
28,0,1,4,812.5,280,41,80,-6.56684,33.9272,-104.758,44.6567
28,1,1,4,1161,229.5,34,41,13.6766,-13.8474,64.1891,-7.12723
29,0,1,4,809.5,281,41,80,-1.86192,32.0032,-102.708,44.8598
29,1,1,4,1164.5,229.5,35,41,15.6251,-9.21344,65.5849,-5.35495
30,0,1,4,806.5,282,41,80,-4.4408,25.1241,-104.02,42.5952
30,1,1,4,1166.5,229.5,35,41,16.4392,-6.93267,66.5005,-4.55525
31,0,1,4,803,283,40,80,-6.32085,19.2105,-105.083,40.5616
31,1,1,4,1169.5,230,35,42,16.4182,-2.2276,67.0383,-2.49628
32,0,1,4,799,283,38,80,-10.2728,18.0542,-107.216,40.6384
32,1,1,4,1171.5,230.5,35,43,15.7853,1.30451,67.2778,-0.850571
33,0,1,4,795,285,38,82,-10.3145,13.7356,-107.579,39.1417
33,1,1,4,1173,230.5,34,43,13.417,2.60486,66.6533,-0.173213
34,0,1,4,791,285.5,38,83,-2.49033,7.30642,-104.13,36.4823
34,1,1,4,1175.5,230.5,33,43,6.0585,3.55287,63.5339,0.374602
35,0,1,4,789,286.5,38,83,3.11662,-0.420536,-101.504,32.9925
35,1,1,4,1177,230.5,32,43,2.93241,28.1387,62.2256,12.3723
36,0,1,4,786,286,38,84,8.1697,8.69579,-98.9676,37.3671
36,1,1,4,1178,233.5,32,45,-0.787606,41.3189,60.5324,19.6551
37,0,1,4,783,288.5,38,85,21.3544,9.79843,-92.3709,38.1847
37,1,1,4,1180,236,32,46,-8.55051,49.3701,56.7825,24.8939
38,0,1,4,781.5,289.5,39,85,17.597,8.69312,-93.4552,37.9848
38,1,1,4,1181,237.5,32,47,-7.79205,54.4904,56.8601,28.9858
39,0,1,4,778,291.5,38,85,18.8328,8.45447,-92.2797,38.1612
39,1,1,4,1183,239,32,48,-6.9698,57.1215,56.9922,32.0548
40,0,1,4,775,292,38,86,18.6954,5.10264,-91.7173,36.8478
40,1,1,4,1185,240.5,32,49,1.35752,56.4166,60.7177,33.6228
41,0,1,4,772,293.5,38,87,17.4898,3.28682,-91.6658,36.1543
41,1,1,4,1188.5,241.5,33,49,6.24024,51.8567,63.0785,33.3409
42,0,1,4,768.5,294.5,39,87,15.4854,-1.07232,-92.0318,34.1976
42,1,1,4,1190.5,241.5,33,49,8.3741,26.9786,64.2969,23.2903
43,0,1,4,766,295,40,88,21.6579,-5.90957,-88.5969,31.8728
43,1,1,4,1193.5,240,33,48,4.60864,5.28404,62.7955,13.9306
44,0,1,4,763.5,296,41,88,23.6324,-10.9083,-86.9421,29.3147
44,1,1,4,1194.5,238,33,48,2.81883,7.9973,62.1035,15.3906
45,0,1,4,760.5,295.5,41,89,23.5943,-13.3204,-86.1723,27.812
45,1,1,4,1197,239,32,48,-1.1896,8.72463,60.3046,16.0005
46,0,1,4,758,296.5,42,89,30.757,-17.4315,-82.0043,25.4272
46,1,1,4,1198,239.5,32,49,-9.20167,7.92845,56.4824,15.9153
47,0,1,4,756,297.5,42,89,27.9043,-22.6059,-82.3256,22.4055
47,1,1,4,1199,240.5,32,49,-13.6114,4.75972,54.0941,14.6844
48,0,1,4,752.5,297,41,88,33.9057,-28.3153,-78.5624,18.9589
48,1,1,4,1201,240,32,50,-21.4018,1.1776,49.9627,13.1525
49,0,1,4,750.5,297,41,88,36.1598,-32.886,-76.368,15.8596
49,1,1,4,1201,240.5,32,51,-23.8517,1.17306,48.0927,13.1898
50,0,1,4,748,297,40,88,32.9448,-31.362,-76.6808,15.4825
50,1,1,4,1203,240.5,32,51,-25.9301,2.5734,46.3162,13.8909
51,0,1,4,745,298.5,40,89,28.1973,-31.5234,-77.8246,14.3598
51,1,1,4,1204.5,241.5,31,51,-22.5843,2.4546,47.0319,13.9202
52,0,1,4,742,299,40,88,31.1508,-32.8365,-75.4896,12.688
52,1,1,4,1206.5,241.5,31,51,-24.0145,1.20561,45.6036,13.4118
53,0,1,4,740.5,299,41,88,29.6409,-32.3779,-75.1645,11.808
53,1,1,4,1207.5,242,31,52,-22.6301,-2.08879,45.4571,11.8948
54,0,1,4,737,299.5,42,89,8.57354,-33.0223,-84.1279,10.424
54,1,1,4,1209.5,242,31,52,-11.6583,-9.26755,49.8855,8.43242
55,0,1,4,732,300,42,88,-8.81864,-29.3832,-92.0575,11.0414
55,1,1,4,1212,241.5,32,51,-3.9111,-14.0534,53.1564,5.86232
56,0,1,4,727.5,300.5,43,87,-14.0966,-27.5922,-94.8445,10.9074
56,1,1,4,1214,242,32,50,-2.56929,-18.0988,53.6599,3.48275
57,0,1,4,723.5,300.5,43,87,-23.847,-25.9304,-99.9196,10.7702
57,1,1,4,1216,241.5,32,49,0.201132,-22.6375,54.8828,0.7363
58,0,1,4,719.5,301.5,45,87,-31.5179,-25.5849,-104.337,10.0685
58,1,1,4,1219,240.5,32,49,2.68587,-26.0731,56.0629,-1.64039
59,0,1,4,715.5,302,45,86,-41.0137,-22.4279,-109.872,10.7064
59,1,1,4,1221,240.5,32,49,4.86033,-28.4916,57.1792,-3.65129
60,0,1,4,711,302,46,86,-38.9555,-20.9643,-110.267,10.6501
60,1,1,4,1223,240,32,50,0.486135,-29.9922,55.2758,-5.31
61,0,1,4,707,303,46,86,-56.9078,-18.2779,-120.042,11.2196
61,1,1,4,1224,239.5,32,51,3.84873,-28.1724,56.8795,-5.45027
62,0,1,4,701.5,303.5,47,85,-72.7489,-13.4812,-129.417,12.8738
62,1,1,4,1226,240,32,52,9.09919,-27.6161,59.4864,-6.12805
63,0,1,4,695,304,48,86,-97.4464,-8.49707,-143.5,14.7762
63,1,1,4,1229,239.5,32,53,23.0074,-27.9402,66.355,-7.2042
64,0,1,4,688.5,305,49,86,-103.909,-6.00955,-149.799,15.6667
64,1,1,4,1232.5,239.5,33,53,27.8467,-27.5842,69.406,-7.96922
65,0,1,4,682,306.5,50,87,-117.449,-2.97322,-159.653,16.899
65,1,1,4,1235,239,34,54,38.1423,-45.3351,75.1937,-17.2694
66,0,1,4,675.5,307,51,86,-125.476,-2.11705,-167.356,17.2034
66,1,1,4,1238.5,236.5,35,51,44.5401,-57.0956,79.4847,-24.3295
67,0,1,4,669,308,52,84,-130.007,-2.91102,-173.677,16.7567
67,1,1,4,1242.5,235,35,48,45.1861,-47.6402,81.2744,-21.7691
68,0,1,4,663.5,308,53,84,-131.412,-2.39921,-178.674,16.9008
68,1,1,4,1245.5,234.5,35,47,43.9003,-38.7988,82.1738,-19.1834
69,0,1,4,657,308.5,54,85,-141.289,14.0017,-187.716,24.5589
69,1,1,4,1247.5,235,35,46,41.102,-29.3782,82.3167,-16.0284
70,0,1,4,649.5,311.5,55,87,-141.77,22.9279,-192.652,29.238
70,1,1,4,1250,236,34,46,37.1677,-22.2907,81.8301,-13.6626
71,0,1,4,643,313.5,56,87,-124.89,28.3927,-189.412,32.5808
71,1,1,4,1252,235.5,34,45,28.6926,-15.8829,79.0695,-11.3805
72,0,1,4,638.5,314.5,57,87,-109.06,31.0139,-186.104,34.7676
72,1,1,4,1254,236.5,34,45,18.3139,-10.1728,75.1281,-9.21431
73,0,1,4,634.5,316,57,88,-94.2867,36.3061,-182.768,38.3019
73,1,1,4,1255.5,236,33,44,10.5814,-3.91222,72.0894,-6.59757
74,0,1,4,629,318.5,56,89,-81.8213,40.8035,-180.028,41.6379
74,1,1,4,1257.5,236.5,33,45,10.0498,3.7761,72.1913,-3.10117
75,0,1,4,624.5,320.5,55,91,-76.2808,44.4192,-180.141,44.7048
75,1,1,4,1259.5,237.5,33,45,9.88753,9.74516,72.4497,-0.161769
76,0,1,4,619.5,322,55,92,-57.2048,43.4044,-173.681,45.707
76,1,1,4,1262,238.5,34,45,3.75299,14.1982,69.8842,2.26229
77,0,1,4,616,323,56,92,-38.558,45.0888,-166.788,47.9507
77,1,1,4,1263.5,238.5,35,45,5.84645,-3.83387,70.9973,-5.77423
78,0,1,4,611.5,325,55,94,-20.8024,47.3491,-159.694,50.5234
78,1,1,4,1266,236.5,36,43,2.75523,-15.5227,69.7334,-11.4173
79,0,1,4,608,327,54,96,5.66362,44.8412,-147.898,50.9202
79,1,1,4,1268,235,36,42,-5.33295,-23.2728,66.0082,-15.5912
80,0,1,4,606.5,328.5,53,97,25.1765,49.9478,-138.5,54.8246
80,1,1,4,1269.5,233.5,35,41,-13.1012,-7.82737,62.1644,-9.07776
81,0,1,4,603.5,331,53,100,39.9843,52.9285,-130.673,57.8952
81,1,1,4,1271,235,36,42,-17.8153,4.42055,59.503,-3.55768
82,0,1,4,600.5,333,53,104,44.4188,49.0933,-127.248,57.849
82,1,1,4,1272.5,236,35,42,-21.2825,17.563,57.2729,2.79266
83,0,1,4,596.5,335,53,106,58.281,41.4424,-119.225,55.874
83,1,1,4,1273.5,237.5,35,43,-28.6154,27.1073,53.1029,7.88292
84,0,1,4,594.5,335.5,53,107,68.5309,32.3689,-112.445,52.976
84,1,1,4,1274.5,239,35,44,-31.009,36.0447,51.0194,13.0047
85,0,1,4,592,336.5,52,109,85.4909,21.2239,-102.157,48.7969
85,1,1,4,1276.5,240,35,46,-37.0238,41.613,47.1471,16.8345
86,0,1,4,590.5,336.5,51,111,87.907,30.0392,-98.1673,53.6648
86,1,1,4,1277.5,241,35,48,-26.7368,44.3497,50.7676,19.5094
87,0,1,4,587.5,339.5,51,111,86.6491,32.1444,-95.8306,55.6603
87,1,1,4,1280,242.5,36,49,-14.5804,41.0317,55.6132,19.4185
88,0,1,4,584,342,50,112,84.9541,27.8362,-93.7421,54.6968
88,1,1,4,1283,242.5,38,49,3.54414,34.4637,63.6804,17.6836
89,0,1,4,580,343,50,112,70.3095,22.579,-97.8213,53.1431
89,1,1,4,1287.5,243,39,50,17.9693,25.6248,70.606,14.66
90,0,1,4,576,344.5,50,111,68.7797,14.257,-96.1995,49.967
90,1,1,4,1291,242.5,40,51,22.8415,17.8318,73.5042,11.8362
91,0,1,4,572.5,345.5,51,111,56.9522,5.16795,-99.4884,46.1543
91,1,1,4,1293.5,241.5,41,51,35.3044,14.7913,80.147,10.9958
92,0,1,4,568,346,50,110,46.4507,-2.93628,-102.546,42.5029
92,1,1,4,1297.5,241.5,41,51,42.9046,11.6175,84.9105,9.99157
93,0,1,4,563,346,50,110,38.4344,-10.007,-104.78,39.068
93,1,1,4,1302,241.5,42,51,51.4704,12.1588,90.383,10.6334
94,0,1,4,559,346.5,50,109,41.1681,-18.5076,-102.209,34.7224
94,1,1,4,1305,242.5,42,51,50.3419,11.6781,91.5662,10.8118
95,0,1,4,556,347.5,50,109,42.972,-30.2013,-99.9856,28.5874
95,1,1,4,1308.5,243,43,52,51.8634,7.92992,93.9622,9.43115
95,3,1,4,1383.5,206.5,51,35,-2.25096,1.56588,-4.67927,3.62765
96,0,1,4,553,347,50,108,37.6724,-37.5475,-101.054,24.1126
96,1,1,4,1312,242,44,52,61.3817,4.36633,100.183,8.01403
96,3,1,4,1383,206.5,52,35,-10.2855,2.95392,-14.8292,5.42018
97,0,1,4,549,346.5,50,107,32.1574,-43.7698,-102.401,19.9236
97,1,1,4,1316,242,44,52,65.1281,1.05598,103.997,6.59959
97,3,1,4,1381,207.5,52,35,-29.0445,-0.163262,-30.7886,2.92328
98,0,1,4,545,347,50,106,30.3282,-47.5591,-102.192,16.6763
98,1,1,4,1320,242.5,44,51,67.9988,-1.95091,107.523,5.21855
98,3,1,4,1378.5,207,53,34,-29.0445,-0.163262,-31.7567,2.91784
99,0,1,4,541,347,50,106,36.2047,-51.7572,-98.4082,13.1105
99,1,1,4,1324,242.5,44,51,61.2105,-4.6239,106.586,3.89453
100,0,1,4,538,347,50,106,37.54,-55.9672,-96.5713,9.39964
100,1,1,4,1326.5,242,43,50,54.7814,-0.711326,105.592,5.58875
101,0,1,4,535,347,50,106,46.5489,-59.8773,-91.0685,5.68945
101,1,1,4,1329,242.5,42,49,41.2344,1.73252,101.025,6.71999
102,0,1,4,533.5,347,49,106,49.6041,-59.534,-88.0751,3.85369
102,1,1,4,1331,242.5,42,49,30.2413,1.74181,97.2119,6.78189
102,3,1,4,1374.5,208,55,30,-26.5418,1.58186,-34.593,5.87378
103,0,1,4,531,347,50,106,34.2851,-52.1345,-93.6509,5.35996
103,1,1,4,1334,243,42,48,47.6079,3.67662,106.416,7.75018
103,3,1,4,1373,208.5,56,29,-26.5418,1.58186,-35.4777,5.92651
104,0,1,4,526,348,50,106,21.9455,-44.5873,-98.3313,7.18219
104,1,1,4,1338.5,244,43,48,54.1858,5.72788,111.107,8.84195
105,0,1,4,521.5,348.5,51,107,12.2114,-38.3202,-102.194,8.65311
105,1,1,4,1343.5,244,43,48,56.0822,9.01191,113.808,10.5844
106,0,1,4,517.5,349.5,51,109,2.24546,-30.6442,-106.49,10.9973
106,1,1,4,1347,245,42,48,51.7829,9.32662,113.648,11.034
107,0,1,4,512,351.5,52,109,3.66977,-25.8424,-105.742,12.2412
107,1,1,4,1351,245.5,42,47,39.1519,8.64148,109.414,11.0222
108,0,1,4,509,351.5,52,109,4.7897,-18.3137,-105.092,14.9301
108,1,1,4,1353,245.5,42,47,26.8979,9.70841,104.936,11.815
109,0,1,4,505.5,353.5,53,109,-5.57214,-18.9283,-109.822,14.0296
109,1,1,4,1355.5,246,41,46,17.7885,4.53837,101.534,9.69897
110,0,1,4,501,353.5,54,109,-10.3923,-15.5654,-112.282,14.9867
110,1,1,4,1357.5,245.5,41,47,18.7702,-2.63677,102.59,6.45429
111,0,1,4,497,354.5,54,109,-17.1097,-10.5728,-115.799,16.8249
111,1,1,4,1361.5,245,45,50,29.6592,-4.73818,108.354,5.3759
112,0,1,4,492,356,54,110,-12.4957,-8.25103,-114.192,17.569
112,1,1,4,1365.5,245.5,45,51,28.7673,-6.75014,108.922,4.2698
113,0,1,4,489,356.5,54,111,-5.8093,-9.22245,-111.453,16.837
113,1,1,4,1369.5,245.5,45,51,21.5537,-8.61985,106.476,3.15923
114,0,1,4,485.5,357,53,110,-4.03528,-6.36379,-110.809,17.8798
114,1,1,4,1372.5,245.5,47,55,19.7986,-7.78543,106.366,3.26209
115,0,1,4,482.5,357.5,53,111,-2.23353,-3.23373,-110.093,19.1449
115,1,1,4,1375.5,245,49,58,18.3794,-7.43558,106.356,3.16479
116,0,1,4,478.5,359,53,112,-11.6738,-4.98208,-114.623,18.2139
116,1,1,4,1378.5,245.5,51,59,24.6818,-9.92519,109.943,1.7397
117,0,1,4,474,359.5,52,111,-19.1435,-6.55025,-118.537,17.3092
117,1,1,4,1383,245,52,60,31.4512,-14.4106,113.961,-0.709691
118,0,1,4,469,360,52,110,-16.1069,-9.15392,-117.742,15.8621
118,1,1,4,1388,245,54,60,27.0289,-17.6889,112.922,-2.73747
119,0,1,4,465.5,360,51,110,-17.7697,-12.412,-119.064,14.0187
119,1,1,4,1391.5,244,55,60,28.061,-19.8933,114.31,-4.36617
120,0,1,4,462,360,52,108,-17.8445,0.188317,-119.691,19.5513
120,1,1,4,1395,244,56,60,28.0557,-19.9153,115.243,-5.03575
121,0,1,4,458,362,52,110,-17.9261,10.4242,-120.325,24.3865
121,1,1,4,1398.5,243.5,55,61,27.2011,-18.2705,115.775,-4.92063
122,0,1,4,454,363.5,52,111,-24.1848,18.5063,-123.876,28.5478
122,1,1,4,1402.5,243.5,55,63,23.1809,-16.6411,114.784,-4.75892
123,0,1,4,449,366,52,112,-29.7633,20.902,-127.314,30.2943
123,1,1,4,1406.5,243.5,55,65,23.1809,-16.6411,115.557,-5.31363
124,0,1,4,443.5,366.5,53,111,-23.3459,20.174,-125.278,30.6468
125,0,1,4,440.5,368,53,110,-19.3783,19.5817,-124.184,31.04
126,0,1,4,436.5,369,53,110,-21.0595,20.2983,-125.623,32.0313
127,0,1,4,432.5,369.5,53,111,-23.088,19.4205,-127.282,32.2948
128,0,1,4,427.5,370.5,53,111,-31.4635,21.0588,-132.004,33.7146
129,0,1,4,422.5,372.5,53,111,-26.7376,19.4835,-130.823,33.6726
129,1,1,4,1428.5,243.5,55,69,3.55156,-12.2293,109.308,-6.14991
129,4,1,2,1318,214.5,54,33,-53.0372,11.0763,-55.1997,13.9201
130,0,1,4,418.5,373.5,53,111,-23.567,14.2748,-130.218,31.8644
130,1,1,4,1430,242.5,56,69,-3.11552,-10.9848,105.993,-5.91612
130,4,1,2,1317,214.5,54,33,-25.4557,4.21358,-48.2124,12.1096
131,0,1,4,414.5,373.5,53,109,-21.6067,15.2219,-130.078,32.7868
131,1,1,4,1433,243,56,70,-3.11552,-10.9848,105.89,-6.28228
131,4,1,2,1316,214,56,34,-15.7618,-5.13407,-45.9062,9.20885
132,0,1,4,410.5,374.5,53,109,-23.0473,18.1872,-131.479,34.6942
132,4,1,2,1315,214,56,34,-86.9952,-7.32895,-70.66,8.28921
133,0,1,4,406.5,376,53,110,-21.9217,21.2468,-131.716,36.7439
133,4,1,2,1310.5,214.5,57,35,-105.593,-11.4557,-80.2044,6.56731
134,0,1,4,401.5,378,53,112,-30.0694,16.7244,-136.291,35.3149
134,4,1,2,1307,214,58,36,-107.889,-1.11014,-84.5853,10.0661
135,0,1,4,396.5,378.5,55,111,-24.8182,10.434,-134.816,32.9016
135,4,1,2,1304,215.5,58,37,-85.8765,1.1126,-79.5414,10.9025
136,0,1,4,392,378.5,56,111,-9.72102,3.02868,-128.518,29.7532
136,1,1,4,1452,243.5,56,73,-5.87522,2.77954,104.786,-0.277374
136,4,1,2,1302.5,216,59,38,-56.2566,-0.339197,-70.2875,10.3469
137,0,1,4,389.5,379.5,57,111,-15.2142,5.00522,-131.435,30.7863
137,1,1,4,1454,243.5,56,73,-2.64062,4.19084,106.228,0.527729
137,4,1,2,1301.5,216,59,38,-54.1066,-6.24785,-71.2504,7.8309
138,0,1,4,384.5,380,57,112,-23.3323,7.66098,-135.773,32.2079
138,1,1,4,1458.5,244,57,72,-1.70162,6.32142,106.607,1.72336
138,4,1,2,1299.5,216,59,38,-48.2612,-2.78818,-70.4935,9.1413
139,0,1,4,379.5,382,57,112,-36.7768,6.95898,-142.895,32.1328
139,1,1,4,1461.5,244,59,70,-3.56822,10.1409,105.638,3.80097
139,4,1,2,1297,216,58,38,-43.3249,2.46342,-69.8808,11.4161
140,0,1,4,373.5,383,57,112,-47.3689,6.25471,-149.12,32.0318
140,1,1,4,1465,245,60,68,9.69783,15.1134,111.93,6.54234
140,4,1,2,1295.5,217,57,38,-45.4743,1.73211,-72.314,11.162
141,0,1,4,367,384,58,112,-42.8716,3.07777,-148.576,30.7406
141,1,1,4,1470,246,60,68,10.3199,19.5284,112.552,9.16413
141,4,1,2,1292.5,217.5,57,39,-37.3531,-0.157822,-70.0263,10.3348
142,0,1,4,362.5,384,59,112,-39.6443,1.89332,-148.482,30.2828
142,1,1,4,1474,246,60,68,10.1515,18.2789,112.815,9.21985
142,4,1,2,1291.5,217.5,57,39,-31.1274,-2.5718,-68.3157,9.18169
143,0,1,4,358,385,60,112,-41.1079,12.1909,-150.495,35.204
143,1,1,4,1478,246.5,60,69,10.6381,12.7289,113.386,7.18214
143,4,1,2,1289.5,217.5,57,39,-27.92,-3.45127,-67.8154,8.67405
144,0,1,4,352.5,388,61,114,-50.8653,4.47664,-156.47,31.9687
144,1,1,4,1481.5,246,61,68,10.6381,12.7289,113.74,7.60644
144,4,1,2,1287.5,218,57,40,-34.5157,-3.37223,-71.9293,8.59184
145,0,1,4,347,388,62,114,-58.8365,9.77768,-161.927,34.6184
145,4,1,2,1284.5,218,59,40,-34.6852,-2.66755,-73.1619,8.81898
146,0,1,4,340.5,390,63,114,-50.0813,10.8585,-159.756,35.4546
146,4,1,2,1282,219,60,40,-27.7259,-3.03948,-70.9415,8.54855
147,0,1,4,336,391,64,114,-47.7366,8.71478,-160.319,34.8042
147,4,1,2,1280.5,219,61,40,-23.3076,-2.68801,-69.7225,8.61823
148,0,1,4,330.5,391.5,65,115,-45.1353,5.47313,-160.683,33.5633
148,4,1,2,1278.5,219,61,40,-19.3307,-3.22717,-68.573,8.26824
149,0,1,4,326,392.5,66,115,-53.5188,5.2629,-166.144,33.6485
149,4,1,2,1277,219,62,40,-19.7738,-2.99885,-69.4315,8.27452
150,0,1,4,319,394,66,114,-64.6415,6.04572,-173.176,34.1946
150,4,1,2,1274.5,219.5,61,39,-19.2595,-4.88985,-69.8427,7.26431
151,0,1,4,313,395,66,112,-70.992,3.78669,-178.328,33.33
151,4,1,2,1272.5,219.5,61,39,-20.6432,-5.5744,-71.1496,6.77503
152,0,1,4,305.5,395.5,67,111,-60.9147,-0.653233,-175.939,31.3612
152,4,1,2,1270,219.5,60,39,-15.5093,-6.65396,-69.3778,6.07385
153,0,1,4,301.5,396.5,67,111,-78.6549,-1.59217,-186.341,30.8958
153,4,1,2,1267.5,220.5,59,39,-18.6747,-7.95369,-71.4075,5.23568
154,0,1,4,293,397,68,110,-93.8176,0.1206,-196.118,31.6497
154,4,1,2,1265.5,220.5,57,39,-30.2542,-5.52892,-77.5511,6.12679
155,0,1,4,285,398.5,70,111,-88.82,-1.22387,-196.887,31.0187
155,4,1,2,1261.5,221,57,38,-32.1698,-4.26731,-79.4711,6.54265
156,0,1,4,278.5,399,71,112,-82.4554,-2.30258,-196.844,30.4697
156,4,1,2,1258.5,221,57,36,-30.659,-5.15549,-79.8256,5.98044
157,0,1,4,273.5,400.5,71,111,-86.2832,0.612015,-201.399,31.7757
157,4,1,2,1256,220.5,56,35,-25.3332,-5.04811,-78.3202,5.8607
158,0,1,4,265.5,402,69,110,-79.8856,3.8863,-201.256,33.3483
158,4,1,2,1253.5,221.5,55,35,-17.3241,-2.93761,-75.3676,6.69188
159,0,1,4,260,403,66,108,-67.1342,-1.41577,-197.901,30.9831
159,4,1,2,1252.5,222,55,34,-13.9002,3.12402,-74.323,9.46857
160,0,1,4,254.5,403.5,63,105,-53.6715,-5.44332,-193.786,29.0402
160,4,1,2,1250,223,54,34,-11.4234,5.54657,-73.6136,10.7208
161,0,1,4,249.5,404.5,61,103,-27.5708,-10.8474,-183.258,26.3114
161,4,1,2,1247.5,223,53,34,-3.4092,6.44016,-70.2008,11.3288
162,0,1,4,246.5,404,59,102,-27.5708,-10.8474,-184.177,25.9499
162,4,1,2,1246,223.5,52,35,2.12522,3.63823,-67.6954,10.218
163,4,1,2,1244.5,224,51,36,1.84856,-3.06935,-67.7555,7.16384
164,4,1,2,1242.5,223,51,38,1.03755,-7.39029,-68.0777,5.01499
165,4,1,2,1240,222.5,52,39,2.36356,-11.0105,-67.4159,3.05488
166,4,1,2,1238,223,52,40,-6.04445,-15.2171,-71.3139,0.69417
167,4,1,2,1234.5,222,53,40,-7.59057,-18.3972,-72.2465,-1.3209
167,5,1,4,270,271.5,52,47,0.587271,-3.78579e-06,4.57471,0.000114732
168,4,1,2,1232.5,222,55,40,-5.22118,-18.1475,-71.3792,-1.81892
168,5,1,4,270.5,272,51,48,6.64984,-3.97925,12.1963,-4.98983
169,4,1,2,1230,222,56,40,-3.76353,-16.553,-70.8641,-1.66964
169,5,1,4,271.5,270.5,57,53,18.2052,-12.2819,22.0376,-12.0345
170,4,1,2,1228,221.5,56,39,-3.02521,-13.9791,-70.6405,-1.00354
170,5,1,4,273,269.5,60,55,75.8307,-14.4807,57.1881,-13.7657
171,4,1,2,1225,222.5,56,39,-1.59209,-11.9938,-70.0641,-0.533295
171,5,1,4,278.5,269.5,71,55,116.556,-25.7692,78.4187,-19.4351
172,4,1,2,1223.5,222,57,40,5.29511,-10.4708,-66.863,-0.214861
172,5,1,4,283,267.5,78,55,112.368,-25.4443,80.7315,-20.1721
173,4,1,2,1222,223,58,40,7.24643,-9.32351,-65.7647,-0.0233412
173,5,1,4,285.5,267.5,83,55,113.599,-29.1904,84.8805,-22.2469
174,4,1,2,1219.5,222.5,59,41,5.43797,-7.2196,-66.3774,0.659686
174,5,1,4,289,266.5,86,55,91.017,-41.039,81.8193,-26.8102
175,4,1,2,1217.5,223,59,42,2.13103,-4.47492,-67.7578,1.7126
175,5,1,4,290.5,265.5,89,55,62.2089,-36.2119,76.4028,-26.7592
176,4,1,2,1215,223.5,60,43,6.54356,-1.3176,-65.6032,3.05496
176,5,1,4,292.5,264,91,54,39.2324,-28.5378,71.7494,-25.7175
177,4,1,2,1212.5,223.5,61,43,-4.65678,4.50421,-70.6732,5.75936
177,5,1,4,294,263.5,94,55,46.2639,-13.979,75.1542,-22.3279
178,4,1,2,1209.5,224,61,44,-7.11919,8.35985,-71.9909,7.72975
178,5,1,4,297,264,98,56,21.7849,2.18675,69.166,-17.8174
179,4,1,2,1207,225,62,44,-6.70895,9.30673,-72.0347,8.44594
179,5,1,4,298.5,264,101,56,10.8187,11.7173,66.3878,-14.6957
180,4,1,2,1204,225,66,46,-0.422606,9.31682,-69.2911,8.75468
180,5,1,4,300,263,104,56,-15.5439,21.3229,57.9664,-11.0986
181,4,1,2,1203,226,70,48,-2.45019,17.307,-70.2622,12.8302
181,5,1,4,301,263.5,106,57,20.876,33.6874,70.1114,-6.08992
182,4,1,2,1200,227.5,74,49,-6.84356,25.9186,-72.4174,17.4659
182,5,1,4,304.5,263.5,109,57,30.6418,38.1631,74.3502,-3.34739
183,4,1,2,1197,228.5,78,49,-12.8164,30.8889,-75.4645,20.6754
183,5,1,4,307.5,264,113,58,39.4832,34.7171,78.714,-3.3841
184,4,1,2,1194,229.5,80,49,-10.9937,32.8778,-75.0314,22.6449
184,5,1,4,311,263.5,118,59,28.8341,33.462,75.8436,-2.72036
185,4,1,2,1192,230.5,82,49,-10.8799,32.4877,-75.3441,23.5607
185,5,1,4,313,264,122,60,22.5836,33.2135,74.2561,-1.71225
186,4,1,2,1189,231.5,82,49,-5.78479,30.2502,-73.3021,23.5925
186,5,1,4,314.5,263,127,60,6.96903,33.3522,68.4251,-0.546697
187,4,1,2,1188,231.5,82,49,0.356626,24.1434,-70.5965,21.7243
187,5,1,4,315.5,263.5,131,61,7.37433,35.7141,68.8335,1.59215
188,4,1,2,1185.5,232.5,81,49,-4.15543,15.2999,-72.714,18.3591
188,5,1,4,318.5,263.5,135,61,6.43863,36.9491,68.6617,3.33602
189,4,1,2,1182.5,231.5,81,49,-6.45655,8.44475,-73.9386,15.6373
189,5,1,4,320,264,138,62,4.78494,35.4535,68.1212,3.88598
190,4,1,2,1180.5,231.5,81,49,-2.0303,2.0507,-72.0649,12.9042
190,5,1,4,322.5,263.5,141,61,-4.09225,34.0637,64.1483,4.42509
191,4,1,2,1178,231.5,80,49,-7.69716,-2.53954,-74.807,10.8077
191,5,1,4,323.5,263.5,143,61,17.1464,32.6678,74.0521,4.89672
192,4,1,2,1175,231.5,80,49,-11.9296,-4.36269,-77.0609,9.86336
192,5,1,4,328,264,148,62,34.354,29.7341,82.8545,4.58334
193,4,1,2,1172.5,231.5,81,49,-17.3976,-5.28924,-80.0391,9.28243
193,5,1,4,332.5,264,151,62,45.1838,28.7637,89.2235,5.10594
194,4,1,2,1168.5,232,81,48,-23.5379,-4.25587,-83.5168,9.59626
194,5,1,4,336.5,264,155,62,54.0687,26.2402,95.0382,4.84443
195,4,1,2,1166,232.5,80,47,-27.3988,-4.28567,-86.1235,9.44165
195,5,1,4,340.5,264,157,62,65.1968,24.0604,102.251,4.66436
196,4,1,2,1162,232.5,80,47,-38.0624,-6.33873,-92.0692,8.33122
196,5,1,4,345.5,264,159,62,73.2746,23.438,108.354,5.16912
197,4,1,2,1158,232.5,80,47,-38.3536,-8.5546,-93.4755,7.07523
197,5,1,4,349.5,263.5,159,61,69.7031,22.5536,109.061,5.52727
198,4,1,2,1155,232.5,80,47,-38.2821,-9.54499,-94.7201,6.32357
198,5,1,4,353,263.5,160,61,79.5128,20.1552,116.139,5.11428
199,4,1,2,1151.5,232.5,79,47,-41.5728,-8.32045,-97.5492,6.58333
199,5,1,4,358.5,263.5,163,61,84.4384,17.9918,121.17,4.74141
200,4,1,2,1148,232.5,80,47,-43.3943,-7.95527,-99.7945,6.47844
200,5,1,4,363,263.5,166,61,95.4505,7.30383,129.286,0.209402
201,4,1,2,1145,233,80,46,-36.4663,-8.21805,-97.9715,6.0893
201,5,1,4,368.5,263,163,62,92.8014,-0.569642,131.196,-3.31208
202,4,1,2,1142,233.5,80,45,-29.4057,-7.67018,-95.855,6.07477
202,5,1,4,372,261.5,160,63,93.6499,-6.10657,134.695,-5.96902
203,4,1,2,1140,233.5,80,45,-16.1962,-9.00894,-90.6014,5.18785
203,5,1,4,377,260.5,158,63,83.1096,-9.71389,132.794,-7.88429
204,4,1,2,1138.5,233.5,79,45,-3.82898,-9.18967,-85.305,4.80263
204,5,1,4,380.5,260,157,64,86.6693,-1.80856,137.256,-4.45486
205,4,1,2,1136.5,233.5,79,45,3.73707,-8.48677,-81.8621,4.82605
205,5,1,4,385.5,260.5,159,63,86.6353,3.18814,140.129,-2.14858
206,4,1,2,1135,234,80,46,-0.0275326,1.59009,-83.5142,9.29657
206,5,1,4,389.5,261.5,161,63,88.6783,7.10446,143.984,-0.184256
207,4,1,2,1131.5,235.5,81,47,-2.12133,8.31949,-84.5032,12.5247
207,5,1,4,395,261.5,160,63,88.2009,10.0386,146.715,1.44495
208,4,1,2,1128.5,236,81,48,-4.13532,13.5265,-85.5244,15.2576
208,5,1,4,399.5,262.5,159,63,84.3689,12.1025,147.844,2.75941
209,4,1,2,1125,237,82,50,-10.9846,16.1391,-88.8945,16.9419
209,5,1,4,404.5,262,157,62,90.4567,13.3691,153.531,3.75286
210,4,1,2,1122,238.5,82,51,-14.9275,19.1594,-91.1214,18.9036
210,5,1,4,410,263,160,62,94.692,4.02589,158.546,-0.207021
211,4,1,2,1118.5,239,83,52,-20.2577,21.083,-94.1345,20.4491
211,5,1,4,415.5,261.5,159,61,102.134,-2.8845,165.216,-3.32623
212,4,1,2,1114,240.5,84,53,-20.1441,19.5831,-94.7561,20.446
212,5,1,4,422,260.5,156,61,105.144,-7.7373,170.041,-5.70469
213,4,1,2,1111,241,84,54,-28.3792,16.7651,-99.3139,19.77
213,5,1,4,428,260.5,152,61,114.463,-0.90047,177.946,-2.74052
214,4,1,2,1107,241.5,84,55,-26.2625,13.0312,-99.2609,18.5676
214,5,1,4,435,261,154,60,106.552,4.40257,178.025,-0.270755
215,4,1,2,1104,241.5,84,55,-21.429,9.95876,-97.8553,17.5528
215,5,1,4,439.5,261.5,155,59,97.093,-1.60354,177.11,-2.95516
216,4,1,2,1101,241.5,84,55,-19.671,7.46081,-97.74,16.7067
216,5,1,4,444.5,260.5,153,59,87.8092,-7.06011,175.962,-5.57913
217,4,1,2,1098.5,241.5,83,55,-22.7013,7.94945,-99.8257,17.1867
217,5,1,4,450,259.5,150,59,76.2545,-9.40097,173.431,-6.91421
218,4,1,2,1094.5,242.5,83,55,-22.8952,8.12405,-100.674,17.5324
218,5,1,4,454.5,259.5,147,59,61.9778,-10.5741,169.229,-7.77878
219,4,1,2,1091,243,84,56,-15.9282,6.80502,-98.1493,17.1804
219,5,1,4,458.5,259,145,58,37.3016,-10.808,159.639,-8.24024
220,4,1,2,1089,243,84,56,-10.068,4.39872,-95.9147,16.2715
220,5,1,4,461.5,258.5,143,57,30.6229,-11.5544,157.727,-8.95607
221,4,1,2,1086.5,244,85,56,-1.48313,4.98671,-92.199,16.6933
221,5,1,4,465.5,258,143,56,26.262,-11.3647,156.688,-9.25388
222,4,1,2,1084,244.5,86,57,-8.60751,2.79874,-95.6104,15.8281
222,5,1,4,470.5,258,143,56,21.2185,-10.4608,155.182,-9.20892
223,4,1,2,1080,245,86,56,-13.4418,-0.136469,-98.1787,14.5387
223,5,1,4,475,258,144,56,20.7734,-9.03279,155.679,-8.88847
224,4,1,2,1076.5,245,85,56,-10.1344,-3.52734,-97.0659,12.9351
224,5,1,4,480.5,258,145,56,7.52006,-7.23777,150.114,-8.34596
225,4,1,2,1073.5,244.5,85,55,-9.57859,-2.14998,-97.1414,13.4669
225,5,1,4,484,257.5,146,55,2.63274,-5.2137,148.057,-7.6363
226,4,1,2,1070.5,245.5,85,55,-1.10211,-2.23964,-93.4605,13.3525
226,5,1,4,488,258,148,56,-13.2911,-3.07764,140.627,-6.80494
227,4,1,2,1067.5,246,85,54,3.00145,-2.16985,-91.5606,13.3106
227,5,1,4,491.5,258,149,56,-24.3595,0.322551,134.959,-5.30477
228,4,1,2,1065,246,86,54,6.18344,-0.726632,-89.9589,13.9208
228,5,1,4,495,258,150,56,-28.8555,3.31169,132.025,-3.88006
229,4,1,2,1062.5,247.5,85,53,9.79276,-0.816316,-88.0494,13.8531
229,5,1,4,499,258,150,56,-31.9535,5.85464,129.601,-2.56785
230,4,1,2,1060,247,86,52,16.0497,2.94059,-84.7702,15.5957
230,5,1,4,502.5,258.5,149,55,-35.0554,7.95369,127.072,-1.38231
231,4,1,2,1057.5,248.5,87,51,-0.895564,10.6628,-92.2318,19.337
231,5,1,4,506.5,258.5,149,55,-9.31248,8.40348,138.053,-0.903228
232,4,1,2,1053,250,88,50,-5.8469,14.8069,-94.5982,21.6475
232,5,1,4,513.5,258.5,149,55,-1.61986,8.80871,141.373,-0.430465
233,4,1,2,1049,251,88,48,-12.8828,14.8511,-98.1135,22.1627
233,5,1,4,519,258.5,148,55,4.81948,9.1456,144.357,0.0230939
234,4,1,2,1045,252,88,48,-14.9541,15.5253,-99.5205,22.9736
234,5,1,4,524.5,258.5,147,55,23.7759,8.13958,153.464,-0.150257
235,4,1,2,1042,252.5,90,49,-8.23448,14.1249,-96.8479,22.8288
235,5,1,4,532,258.5,148,55,23.8943,7.39669,154.312,-0.232574
236,4,1,2,1039.5,253.5,91,49,-0.177024,13.6755,-93.3201,23.0854
236,5,1,4,537,258.5,150,55,22.3797,5.62705,154.394,-0.82095
237,4,1,2,1037,254,92,50,7.33753,15.1546,-89.7798,24.2358
237,5,1,4,542,258.5,150,55,24.6231,5.62819,156.199,-0.631881
238,4,1,2,1035,254.5,94,51,20.3805,14.2491,-83.3801,24.3117
238,5,1,4,548,257.5,150,55,13.3262,5.67705,151.688,-0.420215
239,4,1,2,1033,256,96,52,18.3303,12.8044,-83.6683,24.105
239,5,1,4,551.5,258,149,56,3.53693,4.49426,147.513,-0.790615
240,4,1,2,1030.5,256,97,52,15.0352,9.73349,-84.6123,23.0843
240,5,1,4,555,258,150,56,-6.03003,4.93053,143.116,-0.434328
241,4,1,2,1027.5,256.5,97,53,0.931599,8.01233,-90.767,22.5963
241,5,1,4,559,257.5,150,55,12.3265,2.82131,151.578,-1.26222
242,4,1,2,1023,257,98,54,-13.2314,3.60976,-97.4197,20.7855
242,5,1,4,566.5,257.5,149,55,25.8519,1.34495,158.371,-1.86567
243,4,1,2,1017.5,258,99,56,-25.6429,1.09537,-103.718,19.7183
243,5,1,4,572.5,257.5,149,55,51.4056,-2.09141,171.293,-3.44565
244,4,1,2,1013,257.5,100,57,-26.2679,-2.40602,-104.868,18.1024
244,5,1,4,581,256.5,150,53,57.444,-4.3627,175.856,-4.58847
245,4,1,2,1009.5,258,101,58,-34.2133,-6.5106,-109.493,16.0867
245,5,1,4,587.5,257,151,52,59.7901,-5.66047,178.878,-5.34405
246,4,1,2,1005,258,102,58,-38.5058,-12.1418,-112.659,13.214
246,5,1,4,594,256.5,150,51,64.119,-7.42126,182.914,-6.36048
247,4,1,2,1001,258,102,58,-47.2894,-13.6932,-118.088,12.0791
247,5,1,4,600.5,256,149,52,64.6068,-5.71532,185.281,-5.80049
248,4,1,2,996,258,102,58,-52.7381,-14.6115,-122.235,11.189
248,5,1,4,606.5,256,147,52,73.2478,-8.94009,191.513,-7.5107
249,4,1,2,991.5,258.5,103,59,-59.096,-16.2277,-126.994,9.93812
249,5,1,4,614,255,146,52,71.2504,-9.49204,193.012,-8.07229
249,7,1,5,332.5,253,165,102,20.5527,-3.32756,61.5436,-8.77938
250,4,1,2,987,258.5,104,59,-69.4703,-18.2518,-133.859,8.44263
250,5,1,4,620.5,254.5,147,53,66.1939,-8.00003,193,-7.69
250,7,1,5,341.5,252,179,114,106.552,11.7688,170.067,10.0414
251,4,1,2,981.5,258.5,105,59,-66.0783,-20.4525,-134.574,6.79653
251,5,1,4,625.5,254.5,149,53,46.4131,-6.256,185.872,-7.13726
251,7,1,5,358,254,196,118,139.372,21.6181,200.94,18.6337
252,4,1,2,977.5,259,105,60,-57.3655,-21.4161,-132.665,5.65809
252,5,1,4,630.5,255,151,54,33.6989,-4.35823,181.419,-6.45117
252,7,1,5,368,255.5,204,119,219.12,-12.9306,253.392,-1.35434
253,4,1,2,973.5,258.5,107,59,-52.3218,-22.5836,-132.197,4.39695
253,5,1,4,635,254.5,152,55,34.082,-3.64005,182.723,-6.25509
253,7,1,5,381,253,210,120,167.781,-52.642,237.119,-20.0314
254,4,1,2,970,259,106,60,-47.5579,-21.326,-131.693,4.24083
254,5,1,4,640.5,254.5,151,55,34.1409,-2.59207,183.887,-5.88141
254,7,1,5,386.5,251,229,120,17.8796,-36.3479,186.425,-15.6861
255,4,1,2,965.5,259,105,60,-44.2917,-9.5455,-131.737,9.08971
255,5,1,4,647.5,254.5,151,55,28.8812,1.1532,182.543,-4.20281
255,7,1,5,386,250.5,252,123,10.5048,21.7221,184.603,2.12387
256,4,1,2,961.5,260.5,105,61,-43.3776,-0.29546,-132.782,13.1358
256,5,1,4,653,254.5,152,55,24.7564,5.5404,181.559,-2.09402
256,7,1,5,392,253,272,128,16.9766,61.1206,186.916,14.7719
257,4,1,2,957,262,106,62,-31.6765,5.50152,-128.706,15.8611
257,5,1,4,658.5,255.5,153,55,6.6185,8.97388,173.825,-0.288526
257,7,1,5,398.5,254.5,295,131,-60.1362,77.2427,164.862,21.5338
258,4,1,2,954.5,263.5,107,63,-25.9828,8.50111,-127.075,17.4609
258,5,1,4,662.5,255,153,54,3.59789,7.833,172.62,-0.524297
258,7,1,5,401.5,256.5,311,133,-60.1362,77.2427,162.857,24.1085
259,4,1,2,950.5,264,107,64,-17.4247,10.5338,-123.902,18.7051
259,5,1,4,668,255,152,54,-4.26176,7.00594,169.031,-0.656008
260,4,1,2,947.5,265.5,107,65,-0.773327,10.4979,-116.625,19.0405
260,5,1,4,672.5,255,153,54,-24.1386,6.44148,159.508,-0.690233
261,4,1,2,945,266,106,66,10.0888,13.8679,-111.525,20.9812
261,5,1,4,676,255.5,154,55,-21.0407,4.86656,160.166,-1.21295
261,8,1,1,1247,214.5,20,35,-18.2215,-1.74413,-21.2164,-2.86683
262,4,1,2,943,266.5,106,67,14.9759,18.3736,-108.882,23.5717
262,5,1,4,681,255,152,54,5.32123,0.0847964,171.905,-3.29884
262,8,1,1,1246,214.5,20,35,-38.5423,-5.31674,-31.1582,-4.56674
263,4,1,2,939,267.5,106,67,17.688,24.7433,-107.103,27.1902
263,5,1,4,689.5,254,149,54,35.5669,-6.92183,186.356,-6.59376
263,8,1,1,1243.5,214.5,21,35,-56.0142,-0.241631,-39.0721,-2.81844
264,4,1,2,936,270,106,66,18.6349,30.9603,-106.066,30.949
264,5,1,4,699.5,253,145,54,77.462,-14.0302,207.312,-10.1615
264,8,1,1,1242,215,20,36,-68.7189,3.89313,-45.1923,-1.44311
265,4,1,2,933,271.5,106,67,13.204,33.0151,-108.008,32.9509
265,5,1,4,710,252.5,136,53,137.489,-18.4377,238.221,-12.6883
265,8,1,1,1239.5,214.5,21,37,-69.5388,-5.89799,-47.738,-4.36059
266,4,1,2,929,272.5,106,69,8.16703,38.0392,-109.945,36.4242
266,5,1,4,725,251,126,54,181.05,-23.1529,263.362,-15.5112
266,8,1,1,1237.5,214,21,36,-55.9275,-3.06037,-45.9613,-3.70493
267,4,1,2,924.5,274.5,105,69,7.31976,42.4922,-110.073,39.7956
267,5,1,4,738,250,116,54,181.05,-23.1529,269.397,-16.2829
267,8,1,1,1237,214,22,36,-73.2498,-6.24831,-53.0068,-4.76258
268,4,1,2,921,276,104,70,5.86621,43.7518,-110.515,41.8094
268,8,1,1,1235,213.5,22,37,-67.4139,-6.06244,-53.6795,-4.91478
269,4,1,2,916.5,278,103,72,13.9585,41.2206,-106.5,42.0751
269,8,1,1,1233,214,22,38,-44.3646,-4.13659,-48.7595,-4.51802
270,4,1,2,914,279,102,72,20.1044,37.0862,-103.135,41.4983
270,8,1,1,1232.5,213.5,23,39,-25.7403,3.53257,-44.2521,-2.19076
271,4,1,2,911.5,279.5,101,73,33.238,30.5678,-96.2667,39.6582
271,8,1,1,1231.5,213.5,23,39,-2.15595,8.29403,-37.2416,-0.484119
272,4,1,2,909.5,280,101,74,38.5475,31.1333,-92.6532,40.9421
272,8,1,1,1231.5,214.5,23,39,-12.525,19.3347,-40.9115,3.62393
273,4,1,2,906.5,282,101,74,32.7588,29.4026,-94.1,41.1632
273,8,1,1,1229.5,214.5,23,39,-19.1883,28.1832,-43.7347,7.46239
274,4,1,2,903.5,282.5,101,75,36.2634,24.7005,-91.3541,39.9239
274,8,1,1,1227.5,215.5,23,39,-13.0546,31.4007,-42.0717,9.60928
275,4,1,2,900.5,283.5,101,75,43.9633,20.3796,-86.5117,38.7077
275,8,1,1,1226.5,216.5,23,39,-10.1928,31.2706,-41.3915,10.604
276,4,1,2,898.5,284.5,101,75,50.6475,16.4336,-81.8918,37.522
276,8,1,1,1225,216,24,38,-9.20631,26.5392,-41.3329,9.73632
277,4,1,2,896,285,102,74,62.4184,10.3862,-74.6486,35.2136
277,8,1,1,1224,216.5,24,39,-1.81539,22.1648,-38.5556,8.79599
278,4,1,2,895,285.5,102,73,61.1886,0.468671,-73.1484,30.8774
278,8,1,1,1223,216.5,24,39,1.63636,13.7303,-37.132,5.90953
279,4,1,2,892.5,285.5,103,73,82.5295,-6.96563,-61.0377,27.385
279,8,1,1,1222,216,24,40,4.72318,7.7724,-35.7141,3.73686
280,4,1,2,892.5,286.5,103,73,137.082,3.91054,-32.5428,32.2827
280,8,1,1,1221.5,216,23,40,1.66159,3.58599,-36.941,2.10306
281,4,1,2,897,288.5,104,75,209.004,10.5382,5.96752,35.527
281,8,1,1,1220,215,24,40,-1.23266,4.21343,-38.2206,2.5112
282,4,1,2,904.5,290,109,76,301.856,15.0184,56.7529,37.9794
282,8,1,1,1218,215,24,40,-5.50877,2.6923,-40.2667,1.93971
283,4,1,2,916.5,292,115,76,301.856,15.0184,66.8148,38.48
283,8,1,1,1217,215,24,40,-5.69504,3.05376,-40.5388,2.20291
284,8,1,1,1215.5,215.5,23,39,-4.77516,0.105987,-40.2875,0.892162
285,8,1,1,1214,215.5,22,39,-0.324134,-0.562198,-38.2978,0.573821
285,9,1,3,975,291.5,132,73,2.93612,-0.782967,22.8736,-1.81337
285,10,1,8,650.5,243.5,531,177,-1.27228,-1.37018,-5.62616,-2.10331
286,8,1,1,1213,215.5,22,39,2.13927,-2.45484,-37.1146,-0.362636
286,9,1,3,976,291.5,134,75,77.0158,0.511966,115.863,-0.213945
286,10,1,8,650,243.5,546,177,67.585,1.25335,80.6745,1.14405
287,8,1,1,1212,215,22,38,-3.51732,-2.41499,-39.7894,-0.425348
287,9,1,3,989,291.5,142,75,241.59,4.67541,255.436,3.27331
287,10,1,8,661.5,244,539,174,126.976,34.0399,132.369,28.4834
288,8,1,1,1210,215,22,38,-7.98185,-3.65377,-42.0736,-1.10654
288,9,1,3,1011.5,291.5,139,75,241.59,4.67541,263.489,3.42916
288,10,1,8,671,247,534,172,82.3374,27.7768,109.843,25.8615
289,8,1,1,1208,214.5,22,39,-10.1478,-1.87809,-43.3893,-0.367572
289,10,1,8,671.5,247.5,541,173,101.433,6.16003,121.357,16.8519
290,8,1,1,1207,214.5,22,39,-11.8502,0.702073,-44.5505,0.816258
290,10,1,8,676.5,247.5,555,179,74.1191,19.8657,114.482,22.1969
291,8,1,1,1205,215.5,22,39,-13.1285,5.03094,-45.5615,2.92576
291,9,1,3,1072.5,294,143,68,683.773,40.3282,516.104,19.4065
291,10,1,8,679,248.5,566,179,126.28,25.1091,134.053,24.5656
292,8,1,1,1203,216,22,40,-10.2653,7.95958,-44.624,4.49992
292,9,1,3,1091.5,295,143,68,488.136,34.5052,478.289,18.9481
292,10,1,8,685.5,250,579,184,99.8542,17.7525,130.249,23.1679
293,8,1,1,1202.5,216,21,40,-6.9414,9.74158,-43.3751,5.61809
293,9,1,3,1100,295.5,144,67,425.797,29.4425,476.207,18.632
293,10,1,8,689,250,588,186,631.546,-80.7298,289.542,-5.11371
294,8,1,1,1201.5,217,21,40,-5.86617,11.8365,-43.0934,6.94233
294,9,1,3,1113.5,296,135,66,205.066,12.0696,425.955,14.5339
294,10,1,8,716.5,246.5,591,187,969.731,-152.39,409.607,-28.7646
295,8,1,1,1199.5,217.5,21,41,-3.98285,14.0574,-42.3928,8.39358
295,9,1,3,1120.5,295.5,137,65,143.52,-3.47025,414.501,10.3269
295,10,1,8,742,243.5,592,189,1042.31,-185.757,463.577,-43.8
296,8,1,1,1198.5,218,21,42,-0.309645,15.0116,-40.7815,9.31573
296,9,1,3,1132.5,295.5,135,65,-55.3389,-15.7727,358.254,6.44057
296,10,1,8,759.5,240.5,599,189,901.274,-192.752,454.935,-52.1404
297,8,1,1,1197.5,218,21,42,2.0693,13.6956,-39.6644,9.19198
297,9,1,3,1136.5,295.5,133,65,-143.467,-29.8039,328.26,1.43547
297,10,1,8,769.5,239,605,188,737.401,-137.362,432.611,-40.8243
298,8,1,1,1196.5,218,21,42,2.14608,10.7032,-39.5591,8.23193
298,9,1,3,1144.5,295,133,66,-165.355,-37.6058,316.177,-2.15283
298,10,1,8,777.5,239.5,601,187,572.348,-127.89,402.208,-42.226
299,8,1,1,1195.5,218.5,21,43,0.499689,10.2852,-40.2658,8.3892
299,9,1,3,1154,294.5,130,67,-143.322,-45.3753,318.346,-6.12396
299,10,1,8,783,238.5,600,189,1025.95,-90.1869,579.002,-33.3147
300,8,1,1,1194,218,22,42,1.38158,10.5239,-39.8326,8.84263
300,9,1,3,1166,294,132,68,-98.4452,-55.5223,329.91,-11.3333
300,10,1,8,824,239.5,588,189,1168.79,-106.215,665.024,-42.1239
301,8,1,1,1192.5,218.5,23,43,4.10997,6.21464,-38.498,7.15768
301,9,1,3,1179,293,132,70,-87.3875,-61.8863,330.826,-15.6089
301,10,1,8,853.5,237,587,188,1106.76,-102.372,680.531,-44.1908
302,8,1,1,1191.5,219,23,42,1.83892,11.173,-39.4332,9.70552
302,9,1,3,1190,292,134,72,-78.408,-53.3211,331.459,-14.2875
302,10,1,8,873.5,235.5,583,189,984.592,-106.383,669.396,-49.1861
303,8,1,1,1189.5,219,23,42,1.83892,11.173,-39.372,10.078
303,9,1,3,1202,292.5,134,73,-54.7889,-43.2266,338.52,-11.9369
303,10,1,8,888,234,586,192,867.485,-81.221,654.465,-42.4828
304,9,1,3,1214.5,292.5,135,73,-15.8179,-18.4744,353.196,-2.89164
304,10,1,8,902,234.5,590,195,703.231,-76.6275,614.124,-43.2784
305,9,1,3,1229,294.5,134,73,-44.2536,-3.30584,340.263,3.11433
305,10,1,8,911,232.5,600,195,515.117,-67.5556,555.814,-41.9039
306,9,1,3,1238.5,295.5,133,73,-75.001,5.47693,325.018,6.92517
306,10,1,8,915,232.5,608,195,321.689,-34.238,486.655,-29.2698
307,9,1,3,1247.5,296.5,137,73,-71.3518,0.876084,324.189,4.99926
307,10,1,8,915.5,234,607,196,164.938,8.68136,425.795,-10.803
308,9,1,3,1258,296,138,74,-107.908,-2.6347,304.755,3.3898
308,10,1,8,917,237.5,608,191,17.9082,37.2543,362.85,2.79519
309,9,1,3,1265.5,296,139,74,-132.166,2.7699,289.671,5.85777
309,10,1,8,915.5,239.5,609,187,59.3401,76.5976,383.034,22.6569
310,9,1,3,1272.5,296.5,141,73,-131.935,8.8471,285.376,8.86991
310,10,1,8,932,244.5,604,187,61.5253,104.895,386.057,38.7584
311,9,1,3,1282,297,138,74,-157.972,10.6264,268.411,10.0322
311,10,1,8,945,248.5,600,183,24.1094,120.194,370.061,49.6457
312,9,1,3,1288.5,298,135,76,-181.248,12.2651,251.856,11.176
312,10,1,8,954.5,251.5,597,181,-44.3579,131.484,337.663,59.0972
313,9,1,3,1294.5,298,137,76,-180.921,13.8021,245.973,12.3419
313,10,1,8,958.5,254.5,609,179,-111.555,139.471,303.511,67.3598
314,9,1,3,1303,299.5,134,77,-200.986,12.4769,230.185,12.1658
314,10,1,8,961.5,258,613,178,-186.846,140.493,263.167,72.5046
315,9,1,3,1308.5,299.5,131,79,-218.321,11.7203,215.067,12.2042
315,10,1,8,963,260,616,178,-239.902,137.519,231.16,75.7288
316,9,1,3,1314,299.5,134,77,-190.46,15.2704,221.286,14.3128
316,10,1,8,965,262,624,176,-241.71,130.287,222.287,76.8099
317,9,1,3,1324,300,134,78,-183.799,24.1975,218.154,19.128
317,10,1,8,972,264.5,626,173,-250.352,131.243,210.055,81.6363
318,9,1,3,1332,302,136,78,-183.799,24.1975,212.027,19.9345
318,10,1,8,978,266.5,620,171,-267.928,113.915,193.248,77.6999
319,10,1,8,982.5,267.5,611,165,-298.147,94.715,169.822,72.3114
320,10,1,8,985,268,602,160,-179.016,72.0247,216.831,64.6152
321,10,1,8,1004.5,267.5,603,157,-78.9458,47.417,258.551,55.2933
322,10,1,8,1024,267,600,158,-24.9061,24.5655,281.603,46.0163
323,10,1,8,1039,266.5,598,159,13.0356,2.47571,298.766,36.3487
324,10,1,8,1052.5,265,601,162,16.4016,-15.7325,300.794,27.8029
325,10,1,8,1063.5,264,603,164,25.0862,-36.5383,305.447,17.4474
326,10,1,8,1074,262.5,600,165,-8.91461,-52.2515,290.219,8.80627
327,10,1,8,1080.5,261,599,166,-64.6648,-63.5233,263.595,1.71673
328,10,1,8,1083.5,260,609,170,-130.617,-73.2958,230.304,-5.03018
329,10,1,8,1084,259.5,616,173,-176.33,-80.1323,204.371,-10.7111
330,10,1,8,1086,258,622,178,-229.86,-84.3126,173.223,-15.3598
331,10,1,8,1087,257.5,626,181,-270.324,-76.1517,146.457,-14.3269
332,10,1,8,1087.5,257.5,633,185,-300.088,-76.4315,123.392,-17.0143
333,10,1,8,1088.5,257,643,190,-336.229,-77.6039,96.3211,-20.0954
334,10,1,8,1087.5,256,639,188,-371.1,-75.5517,68.644,-21.6957
335,10,1,8,1086.5,256,635,186,-390.237,-73.4824,47.2347,-23.2272
336,10,1,8,1086.5,255.5,633,187,-410.88,-71.2608,24.4759,-24.6191
337,10,1,8,1084.5,254.5,631,187,-393.344,-70.1337,19.0632,-26.48
338,10,1,8,1087.5,253.5,639,191,-261.012,-54.6023,68.4585,-21.5006
339,10,1,8,1103,254.5,648,191,-165.834,-41.2263,104.712,-17.0056
340,10,1,8,1116.5,255,651,192,-97.5348,-36.0913,131.441,-15.9552
341,10,1,8,1128,255,654,188,-29.0235,-18.5289,160.543,-8.87613
342,10,1,8,1140.5,256.5,661,183,31.0108,4.02218,187.923,1.15445
343,10,1,8,1153,259.5,664,179,41.3926,17.0039,193.858,7.43214
343,11,1,6,1516.5,306.5,125,75,7.24208,-0.195738,30.7072,-1.52406
344,10,1,8,1160.5,260.5,661,175,31.7811,26.0221,190.701,12.264
344,11,1,6,1519.5,306.5,121,73,27.7296,5.74075,56.6386,5.91376
345,10,1,8,1165.5,262,661,174,39.9304,24.2225,195.607,12.2807
345,11,1,6,1524.5,306.5,123,75,27.7296,5.74075,57.563,6.10512
346,10,1,8,1173,262.5,664,175,29.7584,21.8709,192.136,11.9807
347,10,1,8,1178.5,263,665,176,19.936,26.5933,188.492,14.9398
348,10,1,8,1183.5,264,667,174,6.9438,28.8589,183.025,16.8951
349,10,1,8,1188.5,264.5,669,173,-7.95437,32.9315,176.226,19.7941
350,10,1,8,1192.5,265,665,172,-39.8884,24.3756,160.89,16.8733
351,10,1,8,1194.5,265,659,170,-77.0017,16.6017,142.046,14.0317
352,10,1,8,1196,265,654,168,-116.407,17.1215,120.883,14.8425
353,10,1,8,1195.5,265.5,649,165,-157.002,16.2694,97.8456,15.0202
354,10,1,8,1195,265.5,644,163,-194.08,14.3829,75.1144,14.6787
355,10,1,8,1194,266.5,640,161,-227.9,11.7523,52.6851,13.9202
356,10,1,8,1191.5,266,637,160,-261.171,16.0821,29.3871,16.3512
357,10,1,8,1189.5,267,637,160,-297.077,16.7125,3.73635,17.1859
358,10,1,8,1185.5,267.5,635,159,-329.08,17.0152,-21.2693,17.8916
359,10,1,8,1182,269,632,160,-351.123,15.7547,-42.6413,17.8681
360,10,1,8,1178,269,628,160,-351.123,15.7547,-54.3454,18.3933
367,10,1,8,1167,270,644,164,-271.424,-9.91083,-91.3944,6.88762
368,10,1,8,1166.5,269.5,647,165,-254.28,-11.3681,-91.7193,5.81238
369,10,1,8,1165.5,269.5,649,167,-244.712,-12.841,-95.4244,4.69203
370,10,1,8,1163,270,654,168,-226.815,-14.2651,-94.8222,3.5619
371,10,1,8,1162.5,270,657,168,-197.691,-17.9717,-88.3391,1.29699
372,10,1,8,1163,269,660,170,-166.253,-20.8571,-79.9301,-0.680508
373,10,1,8,1163,269,662,172,-137.183,-25.4219,-71.6954,-3.53368
374,10,1,8,1164,268,662,174,-115.533,-28.5591,-66.0421,-5.85525
375,10,1,8,1164,268,660,176,-94.9465,-29.1547,-60.177,-7.0826
376,10,1,8,1163.5,267.5,659,177,-65.4842,-30.245,-49.4246,-8.55775
377,10,1,8,1165.5,267.5,655,177,-34.203,-27.7734,-36.803,-8.39078
378,10,1,8,1167.5,267,653,178,-10.4273,-25.2252,-26.6648,-8.10392
379,10,1,8,1168.5,267,651,178,11.9736,-23.9026,-16.3619,-8.30583
380,10,1,8,1170.5,267,647,178,33.7028,-22.2378,-5.61155,-8.30672
381,10,1,8,1172.5,267,645,178,48.9187,-19.038,2.77067,-7.51797
382,10,1,8,1174,267,642,178,56.1139,-21.0998,7.83666,-9.13602
383,10,1,8,1175,266,640,178,230.173,-19.2842,92.8286,-8.97311
384,10,1,8,1196,266,638,176,350.873,-17.2027,158.121,-8.62373
385,10,1,8,1213.5,266,637,174,428.171,-13.6906,206.688,-7.51868
386,10,1,8,1228.5,266,633,172,464.515,-9.24626,238.278,-5.85827
387,10,1,8,1241,266,632,170,475.46,-7.93497,258.969,-5.53732
388,10,1,8,1250,266,628,168,468.371,-4.06038,271.45,-3.96515
389,10,1,8,1259,266.5,628,167,444.387,-3.30853,275.683,-3.73803
390,10,1,8,1265,267,624,166,403.756,-2.44951,271.246,-3.43671
391,10,1,8,1270,266.5,620,165,351.078,2.14981,259.776,-1.34904
392,10,1,8,1273.5,267.5,621,165,290.35,5.67418,242.77,0.382405
393,10,1,8,1275,267.5,622,165,290.35,5.67418,252.448,0.571544
403,10,1,8,1271,265.5,626,171,-212.731,-2.40902,16.7138,-3.1169
404,10,1,8,1268,265.5,622,171,-212.731,-2.40902,9.62273,-3.1972
417,10,1,8,1156.5,263.5,691,173,-549.198,-5.51195,-336.184,-6.72876
418,10,1,8,1147.5,263,691,174,-518.17,-5.02272,-337.214,-6.63629
419,10,1,8,1141.5,263.5,693,173,-518.17,-5.02272,-354.486,-6.80371
435,12,1,8,1179,264,668,176,108.242,1.3705,166.13,2.10806
436,12,1,8,1221.5,264.5,659,177,-98.9174,0.736245,-90.0276,1.35146
437,12,1,8,1193,265,672,172,-98.9174,0.736245,-93.3249,1.376
